703328 862015
68177 981083
277427 570013
622196 821191
71019 550374
341441 799670
185497 477961
335286 651246
158190 778092
783840 946580
56240 729831
160547 709254
56252 942479
684302 849755
42201 371417
51520 321098
304699 644217
749190 873124
302501 788546
623930 912855
399912 532112
46966 563892
377052 750500
121003 777495
289946 965768
309522 400109
21526 774595
357617 521818
38999 540444
55496 394079
192237 638378
705873 928288
650245 996467
494167 988297
279888 462669
148212 296081
298634 902942
484734 649090
699089 744187
56572 522302
300974 745657
488778 729580
489069 719584
695232 911600
26542 68531
205325 872864
230598 896907
774943 836148
289555 581298
123516 880997
487207 812428
387675 554225
185919 953329
455634 732077
259006 960199
620785 658511
95263 880928
85207 198015
320901 720832
626989 728264
75157 382304
573805 673757
33455 80014
204195 230122
26498 999455
316884 342338
501488 641366
198762 664000
26722 144648
260900 337678
184742 444601
769378 844357
91705 945890
37360 824529
427132 536107
99981 986758
129023 483553
601111 963857
255598 467132
191094 984693
958846 985662
286889 434614
540961 984399
102058 914027
28791 890245
428044 814927
264844 494003
201175 996072
291405 755213
774541 910174
352537 883426
463855 884055
212795 327958
55873 820401
2883 434463
354237 952356
161279 988067
4711 153248
229276 371116
338841 665942